Name=Ipr-low (1)
X=Bias V, V
Y=Ipr-low, nA
-6; -49,99
-5,988; -49,99
-5,976; -49,99
-5,964; -49,99
-5,952; -49,99
-5,94; -49,99
-5,928; -49,99
-5,916; -49,99
-5,904; -49,99
-5,892; -49,1
-5,88; -49,99
-5,868; -49,99
-5,856; -49,58
-5,844; -41,86
-5,832; -42,18
-5,82; -40,23
-5,808; -40,54
-5,796; -39,3
-5,784; -39
-5,772; -36,4
-5,76; -39,2
-5,748; -38,46
-5,736; -40,07
-5,724; -49,99
-5,712; -49,99
-5,7; -49,99
-5,688; -49,99
-5,676; -49,99
-5,664; -49,99
-5,652; -49,99
-5,64; -49,99
-5,628; -49,99
-5,616; -49,99
-5,604; -49,99
-5,592; -49,99
-5,58; -49,99
-5,568; -47,94
-5,555; -24,78
-5,543; -17,57
-5,531; -15,54
-5,519; -14,52
-5,507; -14,53
-5,495; -15,07
-5,483; -15,44
-5,471; -15,69
-5,459; -15,93
-5,447; -16,13
-5,435; -16,78
-5,423; -16,04
-5,411; -15,6
-5,399; -14,47
-5,387; -13,9
-5,375; -12,87
-5,363; -11,78
-5,351; -11,56
-5,339; -11,91
-5,327; -12
-5,315; -10,62
-5,303; -10,39
-5,291; -10,12
-5,279; -10,72
-5,267; -10,65
-5,255; -10,68
-5,243; -10,61
-5,231; -11,59
-5,219; -12,4
-5,207; -11,69
-5,195; -11,2
-5,183; -10,56
-5,171; -11,35
-5,159; -11,13
-5,147; -10,23
-5,135; -9,502
-5,123; -8,907
-5,111; -8,231
-5,099; -8,671
-5,087; -9,119
-5,075; -8,608
-5,063; -9,194
-5,051; -9,408
-5,039; -9,237
-5,027; -8,994
-5,015; -8,341
-5,003; -8,689
-4,991; -8,356
-4,979; -7,983
-4,967; -7,329
-4,955; -7,468
-4,943; -8,008
-4,931; -8,146
-4,919; -9,556
-4,907; -8,597
-4,895; -7,731
-4,883; -7,975
-4,871; -8,314
-4,859; -10,22
-4,847; -9,895
-4,835; -9,98
-4,823; -10,56
-4,811; -9,357
-4,799; -8,247
-4,787; -7,47
-4,775; -7,125
-4,763; -7,612
-4,751; -7,987
-4,739; -7,809
-4,727; -8,304
-4,715; -8,239
-4,703; -7,662
-4,691; -7,857
-4,679; -8,417
-4,667; -8,968
-4,655; -8,68
-4,643; -7,407
-4,631; -6,803
-4,619; -7,635
-4,607; -8,343
-4,595; -7,795
-4,583; -8,031
-4,571; -7,279
-4,559; -7,035
-4,546; -7,664
-4,534; -7,648
-4,522; -7,071
-4,51; -6,173
-4,498; -6,829
-4,486; -8,369
-4,474; -8,013
-4,462; -7,665
-4,45; -7,731
-4,438; -7,238
-4,426; -6,843
-4,414; -6,826
-4,402; -8,17
-4,39; -7,773
-4,378; -7,337
-4,366; -7,43
-4,354; -6,923
-4,342; -6,569
-4,33; -7,375
-4,318; -7,487
-4,306; -8,279
-4,294; -7,401
-4,282; -6,566
-4,27; -6,118
-4,258; -7,351
-4,246; -7,683
-4,234; -7,644
-4,222; -6,807
-4,21; -6,174
-4,198; -5,597
-4,186; -5,626
-4,174; -5,988
-4,162; -6,391
-4,15; -5,861
-4,138; -5,811
-4,126; -5,025
-4,114; -5,243
-4,102; -5,199
-4,09; -4,831
-4,078; -5,079
-4,066; -5,252
-4,054; -4,37
-4,042; -4,094
-4,03; -4,686
-4,018; -4,323
-4,006; -4,468
-3,994; -5,162
-3,982; -4,932
-3,97; -4,811
-3,958; -4,355
-3,946; -4,151
-3,934; -4,67
-3,922; -7,784
-3,91; -7,152
-3,898; -7,123
-3,886; -7,802
-3,874; -8,14
-3,862; -7,316
-3,85; -7,241
-3,838; -7,781
-3,826; -7,761
-3,814; -8,089
-3,802; -8,016
-3,79; -5,681
-3,778; -4,685
-3,766; -4,264
-3,754; -4,103
-3,742; -3,99
-3,73; -3,937
-3,718; -5,417
-3,706; -6,371
-3,694; -6,008
-3,682; -5,175
-3,67; -5,153
-3,658; -5,033
-3,646; -4,656
-3,634; -5,483
-3,622; -4,619
-3,61; -5,152
-3,598; -5,41
-3,586; -5,829
-3,574; -5,394
-3,562; -5,101
-3,55; -3,835
-3,538; -3,534
-3,525; -4,464
-3,513; -4,532
-3,501; -3,966
-3,489; -4,175
-3,477; -3,534
-3,465; -3,139
-3,453; -2,873
-3,441; -3,041
-3,429; -2,886
-3,417; -2,391
-3,405; -2,233
-3,393; -2,275
-3,381; -2,017
-3,369; -2,159
-3,357; -2,138
-3,345; -2,344
-3,333; -2,405
-3,321; -2,301
-3,309; -2,4
-3,297; -2,657
-3,285; -2,652
-3,273; -2,735
-3,261; -2,623
-3,249; -2,226
-3,237; -2,023
-3,225; -2,02
-3,213; -2,132
-3,201; -1,973
-3,189; -1,944
-3,177; -2,229
-3,165; -2,294
-3,153; -2,095
-3,141; -2,01
-3,129; -1,759
-3,117; -1,735
-3,105; -1,721
-3,093; -1,935
-3,081; -1,77
-3,069; -1,737
-3,057; -1,735
-3,045; -2,017
-3,033; -2,309
-3,021; -1,987
-3,009; -1,798
-2,997; -2,023
-2,985; -2,405
-2,973; -2,431
-2,961; -2,182
-2,949; -2,258
-2,937; -2,376
-2,925; -2,428
-2,913; -2,249
-2,901; -2,019
-2,889; -1,851
-2,877; -1,81
-2,865; -2,341
-2,853; -2,399
-2,841; -2,498
-2,829; -2,953
-2,817; -3,662
-2,805; -2,95
-2,793; -2,11
-2,781; -1,735
-2,769; -2,039
-2,757; -1,758
-2,745; -1,869
-2,733; -2,521
-2,721; -2,762
-2,709; -3,411
-2,697; -4,932
-2,685; -3,987
-2,673; -2,551
-2,661; -2,535
-2,649; -2,364
-2,637; -2,023
-2,625; -1,891
-2,613; -1,804
-2,601; -1,759
-2,589; -1,587
-2,577; -1,807
-2,565; -1,779
-2,553; -2,526
-2,541; -3,484
-2,529; -4,409
-2,516; -2,774
-2,504; -1,508
-2,492; -1,328
-2,48; -1,34
-2,468; -1,331
-2,456; -1,305
-2,444; -1,215
-2,432; -1,213
-2,42; -1,245
-2,408; -1,155
-2,396; -1,076
-2,384; -1,268
-2,372; -1,286
-2,36; -1,251
-2,348; -0,9354
-2,336; -0,8607
-2,324; -0,908
-2,312; -0,8713
-2,3; -0,8286
-2,288; -0,8301
-2,276; -0,911
-2,264; -0,9721
-2,252; -0,8668
-2,24; -0,8622
-2,228; -0,8164
-2,216; -0,8027
-2,204; -0,7233
-2,192; -0,8057
-2,18; -0,9476
-2,168; -1,021
-2,156; -0,9446
-2,144; -1,059
-2,132; -1,105
-2,12; -1,108
-2,108; -1,016
-2,096; -1,033
-2,084; -0,8622
-2,072; -0,969
-2,06; -0,7691
-2,048; -0,7294
-2,036; -0,6959
-2,024; -0,6135
-2,012; -0,6531
-2; -0,615
-1,988; -0,7264
-1,976; -0,908
-1,964; -0,8912
-1,952; -0,6836
-1,94; -0,5967
-1,928; -0,6653
-1,916; -0,7035
-1,904; -0,6791
-1,892; -0,6928
-1,88; -0,7004
-1,868; -0,673
-1,856; -0,5936
-1,844; -0,6211
-1,832; -0,6287
-1,82; -0,6318
-1,808; -0,6943
-1,796; -0,7325
-1,784; -0,7203
-1,772; -0,6653
-1,76; -0,5784
-1,748; -0,5051
-1,736; -0,5448
-1,724; -0,5753
-1,712; -0,6577
-1,7; -0,6974
-1,688; -0,7248
-1,676; -0,7081
-1,664; -0,6836
-1,652; -0,6424
-1,64; -0,6348
-1,628; -0,6409
-1,616; -0,5936
-1,604; -0,6302
-1,592; -0,6012
-1,58; -0,5173
-1,568; -0,4532
-1,556; -0,4334
-1,544; -0,4761
-1,532; -0,5768
-1,52; -1,21
-1,507; -0,8011
-1,495; -0,5936
-1,483; -0,7996
-1,471; -1,659
-1,459; -3,029
-1,447; -1,051
-1,435; -0,5082
-1,423; -0,4303
-1,411; -0,3846
-1,399; -0,354
-1,387; -0,3708
-1,375; -0,3556
-1,363; -0,3067
-1,351; -0,2915
-1,339; -0,2625
-1,327; -0,2686
-1,315; -0,2915
-1,303; -0,3464
-1,291; -0,4212
-1,279; -0,4837
-1,267; -0,6058
-1,255; -0,8179
-1,243; -0,9446
-1,231; -0,8851
-1,219; -0,8271
-1,207; -0,8118
-1,195; -0,6714
-1,183; -0,6821
-1,171; -0,676
-1,159; -0,6135
-1,147; -0,4883
-1,135; -0,3647
-1,123; -0,4822
-1,111; -0,3922
-1,099; -0,3784
-1,087; -0,5906
-1,075; -0,7569
-1,063; -0,8698
-1,051; -0,7905
-1,039; -0,7615
-1,027; -0,6394
-1,015; -0,5463
-1,003; -0,4441
-0,991; -0,5707
-0,979; -0,6333
-0,967; -0,6028
-0,9549; -0,6745
-0,9429; -0,5875
-0,9309; -0,5326
-0,9189; -0,3479
-0,9069; -0,264
-0,8949; -0,3495
-0,8829; -0,3678
-0,8709; -0,3922
-0,8589; -0,3815
-0,8468; -0,3449
-0,8348; -0,3037
-0,8228; -0,2716
-0,8108; -0,4776
-0,7988; -0,4288
-0,7868; -0,586
-0,7748; -0,3983
-0,7628; -0,2823
-0,7507; -0,2732
-0,7387; -0,3189
-0,7267; -0,3571
-0,7147; -0,3464
-0,7027; -0,3159
-0,6907; -0,2823
-0,6787; -0,3006
-0,6667; -0,3723
-0,6546; -0,7096
-0,6426; -0,8515
-0,6306; -0,5066
-0,6186; -0,3754
-0,6066; -0,3601
-0,5946; -0,2182
-0,5826; -0,1282
-0,5706; -0,07325
-0,5586; -0,05188
-0,5465; -0,06409
-0,5345; -0,08546
-0,5225; -0,0702
-0,5105; -0,04578
-0,4985; -0,08088
-0,4865; -0,06562
-0,4745; -0,07477
-0,4625; -0,05951
-0,4504; -0,03968
-0,4384; -0,04273
-0,4264; -0,05341
-0,4144; -0,06562
-0,4024; -0,06714
-0,3904; -0,05188
-0,3784; -0,00763
-0,3664; 0
-0,3544; -0,009156
-0,3423; -0,001526
-0,3303; 0
-0,3183; 0,01526
-0,3063; 0,02289
-0,2943; -0,04425
-0,2823; -0,1114
-0,2703; -0,148
-0,2583; -0,116
-0,2462; -0,1328
-0,2342; -0,08546
-0,2222; -0,0702
-0,2102; -0,1373
-0,1982; -0,1465
-0,1862; -0,119
-0,1742; -0,1144
-0,1622; -0,0763
-0,1501; -0,02136
-0,1381; 0,01221
-0,1261; 0,04578
-0,1141; 0,06867
-0,1021; 0,06257
-0,09009; 0,1053
-0,07808; 0,07935
-0,06607; -0,1648
-0,05405; -0,05341
-0,04204; -0,003052
-0,03003; -0,001526
-0,01802; -0,07935
-0,006006; -0,01068
0,006006; 0,09919
0,01802; 0,1663
0,03003; 0,1938
0,04204; 0,2213
0,05405; 0,2396
0,06607; 0,3205
0,07808; 0,6241
0,09009; 0,821
0,1021; 1,671
0,1141; 1,944
0,1261; 1,531
0,1381; 2,387
0,1501; 2,445
0,1622; 2,307
0,1742; 4,354
0,1862; 3,841
0,1982; 3,456
0,2102; 1,959
0,2222; 1,92
0,2342; 1,804
0,2462; 1,885
0,2583; 3,279
0,2703; 5,657
0,2823; 6,875
0,2943; 9,803
0,3063; 15,23
0,3183; 15,66
0,3303; 13,72
0,3423; 14,59
0,3544; 16,51
0,3664; 14,89
0,3784; 27,15
0,3904; 27,53
0,4024; 32,21
0,4144; 29,88
0,4264; 27,64
0,4384; 26,55
0,4504; 31,55
0,4625; 41,04
0,4745; 50,02
0,4865; 48,07
0,4985; 40,67
0,5105; 50,02
0,5225; 50,02
0,5345; 50,02
0,5465; 50,02
0,5586; 50,02
0,5706; 50,02
0,5826; 50,02
0,5946; 50,02
0,6066; 50,02
0,6186; 50,02
0,6306; 50,02
0,6426; 50,02
0,6546; 50,02
0,6667; 50,02
0,6787; 50,02
0,6907; 50,02
0,7027; 50,02
0,7147; 50,02
0,7267; 50,02
0,7387; 50,02
0,7507; 50,02
0,7628; 50,02
0,7748; 50,02
0,7868; 50,02
0,7988; 50,02
0,8108; 50,02
0,8228; 50,02
0,8348; 50,02
0,8468; 50,02
0,8588; 50,02
0,8709; 50,02
0,8829; 50,02
0,8949; 50,02
0,9069; 50,02
0,9189; 50,02
0,9309; 50,02
0,9429; 50,02
0,9549; 50,02
0,967; 50,02
0,979; 50,02
0,991; 50,02
1,003; 50,02
1,015; 50,02
1,027; 50,02
1,039; 50,02
1,051; 50,02
1,063; 50,02
1,075; 50,02
1,087; 50,02
1,099; 50,02
1,111; 50,02
1,123; 50,02
1,135; 50,02
1,147; 50,02
1,159; 50,02
1,171; 50,02
1,183; 50,02
1,195; 50,02
1,207; 50,02
1,219; 50,02
1,231; 50,02
1,243; 50,02
1,255; 50,02
1,267; 50,02
1,279; 50,02
1,291; 50,02
1,303; 50,02
1,315; 50,02
1,327; 50,02
1,339; 50,02
1,351; 50,02
1,363; 50,02
1,375; 50,02
1,387; 50,02
1,399; 50,02
1,411; 50,02
1,423; 50,02
1,435; 50,02
1,447; 50,02
1,459; 50,02
1,471; 50,02
1,483; 50,02
1,495; 50,02
1,507; 50,02
1,52; 50,02
1,532; 50,02
1,544; 50,02
1,556; 50,02
1,568; 50,02
1,58; 50,02
1,592; 50,02
1,604; 50,02
1,616; 50,02
1,628; 50,02
1,64; 50,02
1,652; 50,02
1,664; 50,02
1,676; 50,02
1,688; 50,02
1,7; 50,02
1,712; 50,02
1,724; 50,02
1,736; 50,02
1,748; 50,02
1,76; 50,02
1,772; 50,02
1,784; 50,02
1,796; 50,02
1,808; 50,02
1,82; 50,02
1,832; 50,02
1,844; 50,02
1,856; 50,02
1,868; 50,02
1,88; 50,02
1,892; 50,02
1,904; 50,02
1,916; 50,02
1,928; 50,02
1,94; 50,02
1,952; 50,02
1,964; 50,02
1,976; 50,02
1,988; 50,02
2; 50,02
2,012; 50,02
2,024; 50,02
2,036; 50,02
2,048; 50,02
2,06; 50,02
2,072; 50,02
2,084; 50,02
2,096; 50,02
2,108; 50,02
2,12; 50,02
2,132; 50,02
2,144; 50,02
2,156; 50,02
2,168; 50,02
2,18; 50,02
2,192; 50,02
2,204; 50,02
2,216; 50,02
2,228; 50,02
2,24; 50,02
2,252; 50,02
2,264; 50,02
2,276; 50,02
2,288; 50,02
2,3; 50,02
2,312; 50,02
2,324; 50,02
2,336; 50,02
2,348; 50,02
2,36; 50,02
2,372; 50,02
2,384; 50,02
2,396; 50,02
2,408; 50,02
2,42; 50,02
2,432; 50,02
2,444; 50,02
2,456; 50,02
2,468; 50,02
2,48; 50,02
2,492; 50,02
2,504; 50,02
2,516; 50,02
2,529; 50,02
2,541; 50,02
2,553; 50,02
2,565; 50,02
2,577; 50,02
2,589; 50,02
2,601; 50,02
2,613; 50,02
2,625; 50,02
2,637; 50,02
2,649; 50,02
2,661; 50,02
2,673; 50,02
2,685; 50,02
2,697; 50,02
2,709; 50,02
2,721; 50,02
2,733; 50,02
2,745; 50,02
2,757; 50,02
2,769; 50,02
2,781; 50,02
2,793; 50,02
2,805; 50,02
2,817; 50,02
2,829; 50,02
2,841; 50,02
2,853; 50,02
2,865; 50,02
2,877; 50,02
2,889; 50,02
2,901; 50,02
2,913; 50,02
2,925; 50,02
2,937; 50,02
2,949; 50,02
2,961; 50,02
2,973; 50,02
2,985; 50,02
2,997; 50,02
3,009; 50,02
3,021; 50,02
3,033; 50,02
3,045; 50,02
3,057; 50,02
3,069; 50,02
3,081; 50,02
3,093; 50,02
3,105; 50,02
3,117; 50,02
3,129; 50,02
3,141; 50,02
3,153; 50,02
3,165; 50,02
3,177; 50,02
3,189; 50,02
3,201; 50,02
3,213; 50,02
3,225; 50,02
3,237; 50,02
3,249; 50,02
3,261; 50,02
3,273; 50,02
3,285; 50,02
3,297; 50,02
3,309; 50,02
3,321; 50,02
3,333; 50,02
3,345; 50,02
3,357; 50,02
3,369; 50,02
3,381; 50,02
3,393; 50,02
3,405; 50,02
3,417; 50,02
3,429; 50,02
3,441; 50,02
3,453; 50,02
3,465; 50,02
3,477; 50,02
3,489; 50,02
3,501; 50,02
3,513; 50,02
3,525; 50,02
3,538; 50,02
3,55; 50,02
3,562; 50,02
3,574; 50,02
3,586; 50,02
3,598; 50,02
3,61; 50,02
3,622; 50,02
3,634; 50,02
3,646; 50,02
3,658; 50,02
3,67; 50,02
3,682; 50,02
3,694; 50,02
3,706; 50,02
3,718; 50,02
3,73; 50,02
3,742; 50,02
3,754; 50,02
3,766; 50,02
3,778; 50,02
3,79; 50,02
3,802; 50,02
3,814; 50,02
3,826; 50,02
3,838; 50,02
3,85; 50,02
3,862; 50,02
3,874; 50,02
3,886; 50,02
3,898; 50,02
3,91; 50,02
3,922; 47,56
3,934; 43,06
3,946; 43,57
3,958; 45,65
3,97; 41,51
3,982; 39,99
3,994; 38,71
4,006; 39,2
4,018; 35,12
4,03; 32,18
4,042; 31,19
4,054; 33,14
4,066; 37,19
4,078; 39,75
4,09; 40,25
4,102; 37,75
4,114; 41,96
4,126; 45,22
4,138; 49,13
4,15; 49,45
4,162; 50,02
4,174; 50,02
4,186; 50,02
4,198; 49,58
4,21; 46,59
4,222; 42,52
4,234; 40,72
4,246; 37,85
4,258; 38,16
4,27; 40,17
4,282; 39,04
4,294; 39,78
4,306; 38,61
4,318; 42,24
4,33; 39,47
4,342; 38,76
4,354; 40,13
4,366; 39,36
4,378; 38,74
4,39; 36,16
4,402; 35,71
4,414; 37,49
4,426; 37,87
4,438; 39,78
4,45; 37,8
4,462; 36,97
4,474; 36,41
4,486; 36,29
4,498; 36,97
4,51; 36,88
4,522; 38,11
4,534; 34,35
4,546; 32,64
4,559; 36,38
4,571; 34,12
4,583; 33,82
4,595; 32,24
4,607; 31,41
4,619; 30,37
4,631; 36,35
4,643; 41,43
4,655; 43,99
4,667; 45,45
4,679; 44,94
4,691; 41,19
4,703; 35,84
4,715; 35,28
4,727; 35,23
4,739; 36,63
4,751; 34,98
4,763; 33,63
4,775; 33,45
4,787; 33,77
4,799; 33,46
4,811; 32,47
4,823; 34,66
4,835; 34,63
4,847; 35,83
4,859; 37,73
4,871; 37,05
4,883; 35,47
4,895; 31,79
4,907; 32,11
4,919; 38,12
4,931; 40,4
4,943; 38,1
4,955; 37,18
4,967; 41,92
4,979; 48,66
4,991; 48,6
5,003; 47,38
5,015; 50,02
5,027; 49,28
5,039; 43,67
5,051; 39,4
5,063; 36,28
5,075; 34,35
5,087; 31,61
5,099; 30,11
5,111; 28,45
5,123; 27,67
5,135; 26,92
5,147; 26,43
5,159; 26,15
5,171; 24,87
5,183; 25,3
5,195; 24,52
5,207; 23,78
5,219; 23,59
5,231; 30,76
5,243; 46,1
5,255; 49,89
5,267; 48,85
5,279; 44,78
5,291; 45,26
5,303; 48,08
5,315; 50,02
5,327; 50,02
5,339; 50,02
5,351; 50,02
5,363; 50,02
5,375; 50,02
5,387; 49,94
5,399; 49,77
5,411; 50,02
5,423; 47,77
5,435; 50,02
5,447; 50,02
5,459; 50,02
5,471; 50,02
5,483; 50,02
5,495; 50,02
5,507; 50,02
5,519; 50,02
5,531; 50,02
5,543; 50,02
5,555; 50,02
5,568; 50,02
5,58; 50,02
5,592; 50,02
5,604; 50,02
5,616; 50,02
5,628; 50,02
5,64; 50,02
5,652; 50,02
5,664; 48,77
5,676; 49,4
5,688; 44,48
5,7; 43,13
5,712; 47,34
5,724; 50,02
5,736; 50,02
5,748; 50,02
5,76; 50,02
5,772; 50,02
5,784; 50,02
5,796; 50,02
5,808; 50,02
5,82; 50,02
5,832; 50,02
5,844; 50,02
5,856; 50,02
5,868; 50,02
5,88; 50,02
5,892; 50,02
5,904; 50,02
5,916; 50,02
5,928; 50,02
5,94; 50,02
5,952; 50,02
5,964; 50,02
5,976; 50,02
5,988; 50,02
6; 50,02


Name=Ipr-low (2)
X=Bias V, V
Y=Ipr-low, nA
-6; -1,732
-5,988; -1,686
-5,976; -1,68
-5,964; -1,677
-5,952; -1,672
-5,94; -1,669
-5,928; -1,639
-5,916; -1,608
-5,904; -1,587
-5,892; -1,587
-5,88; -1,581
-5,868; -1,598
-5,856; -1,578
-5,844; -1,561
-5,832; -1,492
-5,82; -1,509
-5,808; -1,495
-5,796; -1,491
-5,784; -1,482
-5,772; -1,456
-5,76; -1,444
-5,748; -1,437
-5,736; -1,427
-5,724; -1,431
-5,712; -1,434
-5,7; -1,439
-5,688; -1,427
-5,676; -1,375
-5,664; -1,36
-5,652; -1,329
-5,64; -1,331
-5,628; -1,326
-5,616; -1,293
-5,604; -1,28
-5,592; -1,265
-5,58; -1,264
-5,568; -1,277
-5,555; -1,27
-5,543; -1,256
-5,531; -1,257
-5,519; -1,257
-5,507; -1,238
-5,495; -1,221
-5,483; -1,242
-5,471; -1,264
-5,459; -1,289
-5,447; -1,256
-5,435; -1,317
-5,423; -1,309
-5,411; -1,335
-5,399; -1,276
-5,387; -1,244
-5,375; -1,19
-5,363; -1,239
-5,351; -1,241
-5,339; -1,224
-5,327; -1,227
-5,315; -1,221
-5,303; -1,202
-5,291; -1,126
-5,279; -1,112
-5,267; -1,09
-5,255; -1,097
-5,243; -1,088
-5,231; -1,064
-5,219; -1,027
-5,207; -1,009
-5,195; -1,001
-5,183; -1,018
-5,171; -1,022
-5,159; -1,039
-5,147; -1,042
-5,135; -1,033
-5,123; -1,027
-5,111; -1,039
-5,099; -1,009
-5,087; -0,9766
-5,075; -0,9629
-5,063; -0,969
-5,051; -0,9354
-5,039; -0,937
-5,027; -0,9217
-5,015; -0,8912
-5,003; -0,8881
-4,991; -0,8881
-4,979; -0,8774
-4,967; -0,8637
-4,955; -0,8668
-4,943; -0,853
-4,931; -0,8301
-4,919; -0,8164
-4,907; -0,8073
-4,895; -0,8073
-4,883; -0,795
-4,871; -0,7828
-4,859; -0,7859
-4,847; -0,763
-4,835; -0,763
-4,823; -0,7554
-4,811; -0,7767
-4,799; -0,7752
-4,787; -0,7676
-4,775; -0,7493
-4,763; -0,7538
-4,751; -0,763
-4,739; -0,7615
-4,727; -0,7493
-4,715; -0,7355
-4,703; -0,7172
-4,691; -0,7096
-4,679; -0,7035
-4,667; -0,6943
-4,655; -0,6913
-4,643; -0,6882
-4,631; -0,6821
-4,619; -0,6775
-4,607; -0,673
-4,595; -0,6669
-4,583; -0,6699
-4,571; -0,676
-4,559; -0,6775
-4,546; -0,6699
-4,534; -0,6714
-4,522; -0,6684
-4,51; -0,6608
-4,498; -0,6531
-4,486; -0,647
-4,474; -0,6409
-4,462; -0,6394
-4,45; -0,6379
-4,438; -0,6272
-4,426; -0,6257
-4,414; -0,6241
-4,402; -0,615
-4,39; -0,6119
-4,378; -0,6104
-4,366; -0,6028
-4,354; -0,6043
-4,342; -0,6089
-4,33; -0,6028
-4,318; -0,6043
-4,306; -0,5921
-4,294; -0,5936
-4,282; -0,5906
-4,27; -0,5982
-4,258; -0,5982
-4,246; -0,5845
-4,234; -0,5906
-4,222; -0,5845
-4,21; -0,5814
-4,198; -0,5784
-4,186; -0,5829
-4,174; -0,5814
-4,162; -0,5784
-4,15; -0,5677
-4,138; -0,5707
-4,126; -0,5707
-4,114; -0,5661
-4,102; -0,5646
-4,09; -0,5646
-4,078; -0,5692
-4,066; -0,5738
-4,054; -0,5646
-4,042; -0,5661
-4,03; -0,5692
-4,018; -0,5753
-4,006; -0,5677
-3,994; -0,5677
-3,982; -0,5646
-3,97; -0,5722
-3,958; -0,6012
-3,946; -0,6135
-3,934; -0,5967
-3,922; -0,5936
-3,91; -0,5951
-3,898; -0,6196
-3,886; -0,647
-3,874; -0,6455
-3,862; -0,6272
-3,85; -0,6333
-3,838; -0,5967
-3,826; -0,5921
-3,814; -0,5661
-3,802; -0,5631
-3,79; -0,5616
-3,778; -0,5524
-3,766; -0,5433
-3,754; -0,5478
-3,742; -0,5494
-3,73; -0,5494
-3,718; -0,5478
-3,706; -0,5402
-3,694; -0,5433
-3,682; -0,5387
-3,67; -0,5372
-3,658; -0,5356
-3,646; -0,5326
-3,634; -0,5417
-3,622; -0,5372
-3,61; -0,5387
-3,598; -0,5402
-3,586; -0,5417
-3,574; -0,5463
-3,562; -0,5448
-3,55; -0,5463
-3,538; -0,5478
-3,525; -0,5478
-3,513; -0,5494
-3,501; -0,5478
-3,489; -0,5539
-3,477; -0,5555
-3,465; -0,5677
-3,453; -0,5585
-3,441; -0,5524
-3,429; -0,557
-3,417; -0,5509
-3,405; -0,5555
-3,393; -0,56
-3,381; -0,5509
-3,369; -0,5555
-3,357; -0,5494
-3,345; -0,5524
-3,333; -0,557
-3,321; -0,5585
-3,309; -0,5631
-3,297; -0,5631
-3,285; -0,5555
-3,273; -0,5539
-3,261; -0,56
-3,249; -0,5707
-3,237; -0,5646
-3,225; -0,5539
-3,213; -0,5677
-3,201; -0,56
-3,189; -0,5555
-3,177; -0,5661
-3,165; -0,5646
-3,153; -0,5677
-3,141; -0,5768
-3,129; -0,5784
-3,117; -0,5784
-3,105; -0,586
-3,093; -0,586
-3,081; -0,5936
-3,069; -0,5906
-3,057; -0,5875
-3,045; -0,5921
-3,033; -0,5921
-3,021; -0,5997
-3,009; -0,6012
-2,997; -0,5982
-2,985; -0,6058
-2,973; -0,6089
-2,961; -0,6119
-2,949; -0,6058
-2,937; -0,6272
-2,925; -0,6211
-2,913; -0,618
-2,901; -0,6257
-2,889; -0,6318
-2,877; -0,6333
-2,865; -0,6165
-2,853; -0,6196
-2,841; -0,618
-2,829; -0,6348
-2,817; -0,6409
-2,805; -0,644
-2,793; -0,6485
-2,781; -0,6409
-2,769; -0,647
-2,757; -0,6547
-2,745; -0,6577
-2,733; -0,6592
-2,721; -0,6592
-2,709; -0,6516
-2,697; -0,6592
-2,685; -0,6577
-2,673; -0,673
-2,661; -0,676
-2,649; -0,673
-2,637; -0,6699
-2,625; -0,676
-2,613; -0,6852
-2,601; -0,6913
-2,589; -0,6791
-2,577; -0,6836
-2,565; -0,6821
-2,553; -0,6928
-2,541; -0,6852
-2,529; -0,6928
-2,516; -0,6928
-2,504; -0,6974
-2,492; -0,6974
-2,48; -0,7126
-2,468; -0,7065
-2,456; -0,7004
-2,444; -0,7035
-2,432; -0,705
-2,42; -0,7096
-2,408; -0,7187
-2,396; -0,7172
-2,384; -0,7325
-2,372; -0,7325
-2,36; -0,7248
-2,348; -0,7416
-2,336; -0,7538
-2,324; -0,7477
-2,312; -0,7493
-2,3; -0,7569
-2,288; -0,7554
-2,276; -0,7462
-2,264; -0,7462
-2,252; -0,7462
-2,24; -0,7477
-2,228; -0,7523
-2,216; -0,7447
-2,204; -0,7508
-2,192; -0,7508
-2,18; -0,7493
-2,168; -0,7508
-2,156; -0,7569
-2,144; -0,7508
-2,132; -0,7462
-2,12; -0,7554
-2,108; -0,7538
-2,096; -0,7508
-2,084; -0,7447
-2,072; -0,7416
-2,06; -0,7401
-2,048; -0,7432
-2,036; -0,7416
-2,024; -0,734
-2,012; -0,7355
-2; -0,7355
-1,988; -0,731
-1,976; -0,7279
-1,964; -0,7325
-1,952; -0,731
-1,94; -0,7264
-1,928; -0,7126
-1,916; -0,7203
-1,904; -0,7157
-1,892; -0,7294
-1,88; -0,7233
-1,868; -0,7172
-1,856; -0,7157
-1,844; -0,702
-1,832; -0,6974
-1,82; -0,6928
-1,808; -0,6852
-1,796; -0,6852
-1,784; -0,6745
-1,772; -0,676
-1,76; -0,6775
-1,748; -0,6775
-1,736; -0,6699
-1,724; -0,6669
-1,712; -0,6592
-1,7; -0,6516
-1,688; -0,6485
-1,676; -0,6455
-1,664; -0,6394
-1,652; -0,6348
-1,64; -0,6348
-1,628; -0,6348
-1,616; -0,6302
-1,604; -0,6287
-1,592; -0,6196
-1,58; -0,6257
-1,568; -0,6196
-1,556; -0,6073
-1,544; -0,6012
-1,532; -0,5967
-1,52; -0,5967
-1,507; -0,5951
-1,495; -0,5906
-1,483; -0,5845
-1,471; -0,586
-1,459; -0,5799
-1,447; -0,5707
-1,435; -0,5646
-1,423; -0,5585
-1,411; -0,5585
-1,399; -0,5555
-1,387; -0,5478
-1,375; -0,5448
-1,363; -0,5402
-1,351; -0,5402
-1,339; -0,5372
-1,327; -0,5341
-1,315; -0,531
-1,303; -0,528
-1,291; -0,5173
-1,279; -0,5204
-1,267; -0,5143
-1,255; -0,5082
-1,243; -0,5051
-1,231; -0,5005
-1,219; -0,4975
-1,207; -0,4914
-1,195; -0,4929
-1,183; -0,4883
-1,171; -0,4776
-1,159; -0,4837
-1,147; -0,4792
-1,135; -0,4822
-1,123; -0,4761
-1,111; -0,4685
-1,099; -0,4731
-1,087; -0,4685
-1,075; -0,4609
-1,063; -0,4578
-1,051; -0,4547
-1,039; -0,4547
-1,027; -0,4563
-1,015; -0,4502
-1,003; -0,4441
-0,991; -0,4441
-0,979; -0,4456
-0,967; -0,4395
-0,9549; -0,4364
-0,9429; -0,4319
-0,9309; -0,4303
-0,9189; -0,4242
-0,9069; -0,4212
-0,8949; -0,4166
-0,8829; -0,4166
-0,8709; -0,4135
-0,8589; -0,4105
-0,8468; -0,4029
-0,8348; -0,4105
-0,8228; -0,4044
-0,8108; -0,4013
-0,7988; -0,4029
-0,7868; -0,3952
-0,7748; -0,3922
-0,7628; -0,3861
-0,7507; -0,3815
-0,7387; -0,3861
-0,7267; -0,38
-0,7147; -0,3784
-0,7027; -0,3769
-0,6907; -0,3739
-0,6787; -0,3708
-0,6667; -0,3647
-0,6546; -0,3693
-0,6426; -0,3678
-0,6306; -0,3601
-0,6186; -0,3556
-0,6066; -0,3571
-0,5946; -0,354
-0,5826; -0,354
-0,5706; -0,354
-0,5586; -0,3479
-0,5465; -0,3464
-0,5345; -0,3479
-0,5225; -0,3403
-0,5105; -0,3418
-0,4985; -0,3403
-0,4865; -0,3372
-0,4745; -0,3357
-0,4625; -0,3311
-0,4504; -0,3342
-0,4384; -0,3311
-0,4264; -0,3266
-0,4144; -0,3266
-0,4024; -0,3296
-0,3904; -0,3266
-0,3784; -0,3327
-0,3664; -0,3205
-0,3544; -0,3159
-0,3423; -0,3174
-0,3303; -0,3189
-0,3183; -0,3189
-0,3063; -0,3174
-0,2943; -0,3098
-0,2823; -0,3113
-0,2703; -0,3113
-0,2583; -0,3067
-0,2462; -0,3098
-0,2342; -0,3037
-0,2222; -0,3037
-0,2102; -0,2991
-0,1982; -0,2991
-0,1862; -0,2976
-0,1742; -0,2991
-0,1622; -0,2991
-0,1501; -0,2915
-0,1381; -0,293
-0,1261; -0,2884
-0,1141; -0,2915
-0,1021; -0,2838
-0,09009; -0,2838
-0,07808; -0,2777
-0,06607; -0,2838
-0,05405; -0,2838
-0,04204; -0,2808
-0,03003; -0,2823
-0,01802; -0,2808
-0,006006; -0,2701
0,006006; -0,2716
0,01802; -0,2716
0,03003; -0,2655
0,04204; -0,2655
0,05405; -0,2625
0,06607; -0,2655
0,07808; -0,2594
0,09009; -0,2625
0,1021; -0,2594
0,1141; -0,2548
0,1261; -0,2564
0,1381; -0,2518
0,1501; -0,2533
0,1622; -0,2564
0,1742; -0,2548
0,1862; -0,2533
0,1982; -0,2457
0,2102; -0,2396
0,2222; -0,2503
0,2342; -0,2457
0,2462; -0,2426
0,2583; -0,2396
0,2703; -0,2396
0,2823; -0,235
0,2943; -0,2365
0,3063; -0,2365
0,3183; -0,2335
0,3303; -0,2335
0,3423; -0,2381
0,3544; -0,232
0,3664; -0,2289
0,3784; -0,232
0,3904; -0,2289
0,4024; -0,2289
0,4144; -0,2304
0,4264; -0,2258
0,4384; -0,2289
0,4504; -0,2213
0,4625; -0,2213
0,4745; -0,2243
0,4865; -0,2152
0,4985; -0,2197
0,5105; -0,2136
0,5225; -0,2152
0,5345; -0,2197
0,5465; -0,2213
0,5586; -0,2182
0,5706; -0,2106
0,5826; -0,2091
0,5946; -0,2091
0,6066; -0,206
0,6186; -0,206
0,6306; -0,2014
0,6426; -0,2075
0,6546; -0,203
0,6667; -0,2075
0,6787; -0,2014
0,6907; -0,203
0,7027; -0,203
0,7147; -0,1923
0,7267; -0,1969
0,7387; -0,1923
0,7507; -0,1938
0,7628; -0,1938
0,7748; -0,1969
0,7868; -0,1816
0,7988; -0,1892
0,8108; -0,1892
0,8228; -0,1846
0,8348; -0,1801
0,8468; -0,1831
0,8588; -0,1831
0,8709; -0,1801
0,8829; -0,1831
0,8949; -0,1816
0,9069; -0,1816
0,9189; -0,177
0,9309; -0,1755
0,9429; -0,174
0,9549; -0,1709
0,967; -0,1709
0,979; -0,1724
0,991; -0,174
1,003; -0,1694
1,015; -0,1633
1,027; -0,1694
1,039; -0,1648
1,051; -0,1663
1,063; -0,1633
1,075; -0,1633
1,087; -0,1633
1,099; -0,1602
1,111; -0,1602
1,123; -0,1602
1,135; -0,1526
1,147; -0,1541
1,159; -0,1526
1,171; -0,1511
1,183; -0,1511
1,195; -0,148
1,207; -0,1328
1,219; -0,1343
1,231; -0,1312
1,243; -0,1267
1,255; -0,1312
1,267; -0,1221
1,279; -0,1236
1,291; -0,1144
1,303; -0,1083
1,315; -0,09461
1,327; -0,07935
1,339; -0,07172
1,351; -0,06104
1,363; -0,06104
1,375; -0,02442
1,387; -0,02442
1,399; -0,02442
1,411; -0,02899
1,423; -0,01526
1,435; -0,001526
1,447; 0,00763
1,459; 0,02747
1,471; 0,03052
1,483; 0,05188
1,495; 0,06104
1,507; 0,1038
1,52; 0,1495
1,532; 0,1953
1,544; 0,2487
1,556; 0,2579
1,568; 0,2625
1,58; 0,2793
1,592; 0,2915
1,604; 0,3281
1,616; 0,3693
1,628; 0,4303
1,64; 0,441
1,652; 0,4425
1,664; 0,5097
1,676; 0,5112
1,688; 0,499
1,7; 0,5417
1,712; 0,5768
1,724; 0,673
1,736; 0,6547
1,748; 0,6989
1,76; 0,7264
1,772; 0,8668
1,784; 0,8485
1,796; 0,8027
1,808; 0,821
1,82; 0,8729
1,832; 0,9415
1,844; 0,9919
1,856; 0,9568
1,868; 0,9919
1,88; 1,015
1,892; 1,096
1,904; 1,262
1,916; 1,227
1,928; 1,344
1,94; 1,508
1,952; 1,785
1,964; 2,35
1,976; 2,687
1,988; 2,834
2; 2,916
2,012; 2,881
2,024; 2,898
2,036; 3,166
2,048; 3,461
2,06; 3,881
2,072; 4,09
2,084; 4,802
2,096; 4,944
2,108; 4,802
2,12; 4,972
2,132; 4,636
2,144; 4,631
2,156; 4,47
2,168; 3,978
2,18; 4,476
2,192; 4,782
2,204; 4,486
2,216; 4,235
2,228; 4,377
2,24; 4,193
2,252; 3,949
2,264; 3,952
2,276; 3,784
2,288; 4,14
2,3; 3,78
2,312; 3,388
2,324; 3,525
2,336; 3,94
2,348; 3,881
2,36; 4,802
2,372; 5,367
2,384; 5,085
2,396; 5,539
2,408; 5,938
2,42; 5,866
2,432; 8,643
2,444; 8,904
2,456; 9,038
2,468; 9,27
2,48; 9,666
2,492; 9,95
2,504; 10,08
2,516; 10,63
2,529; 10,2
2,541; 9,837
2,553; 10,23
2,565; 9,67
2,577; 8,878
2,589; 9,386
2,601; 10,05
2,613; 10,19
2,625; 10,83
2,637; 10,16
2,649; 10,2
2,661; 10,17
2,673; 10,66
2,685; 10,99
2,697; 12,2
2,709; 12,98
2,721; 12,8
2,733; 12,48
2,745; 12,52
2,757; 12,31
2,769; 12,61
2,781; 12,03
2,793; 12
2,805; 11,8
2,817; 12,66
2,829; 13,3
2,841; 13,34
2,853; 13,02
2,865; 12,78
2,877; 15,11
2,889; 15,95
2,901; 15,84
2,913; 13,39
2,925; 13,17
2,937; 14,12
2,949; 14,08
2,961; 14,36
2,973; 12,83
2,985; 13,4
2,997; 12,65
3,009; 13,22
3,021; 13,84
3,033; 13,49
3,045; 14,48
3,057; 17,69
3,069; 18,24
3,081; 17,88
3,093; 17,71
3,105; 18,48
3,117; 19,74
3,129; 19,86
3,141; 20,19
3,153; 21,81
3,165; 25,18
3,177; 24,81
3,189; 23,64
3,201; 20,49
3,213; 20,17
3,225; 20,57
3,237; 22,96
3,249; 22,75
3,261; 21,01
3,273; 20,43
3,285; 19,19
3,297; 16,51
3,309; 16,83
3,321; 16,48
3,333; 16,11
3,345; 15,88
3,357; 15,92
3,369; 16,53
3,381; 17,1
3,393; 17,3
3,405; 17,33
3,417; 16,77
3,429; 17,52
3,441; 17,89
3,453; 18,24
3,465; 17,74
3,477; 18,6
3,489; 18,74
3,501; 18,13
3,513; 19,1
3,525; 17,99
3,538; 17,79
3,55; 18,78
3,562; 18,83
3,574; 19,16
3,586; 19,15
3,598; 19,04
3,61; 15,64
3,622; 15,57
3,634; 15,77
3,646; 17,13
3,658; 17,51
3,67; 17,69
3,682; 19,08
3,694; 19,46
3,706; 20,68
3,718; 19,65
3,73; 19,65
3,742; 18,99
3,754; 18,05
3,766; 18,66
3,778; 18,45
3,79; 19,6
3,802; 20,22
3,814; 19,29
3,826; 19,9
3,838; 20,14
3,85; 20,54
3,862; 20,85
3,874; 20,59
3,886; 20,04
3,898; 20,02
3,91; 21,87
3,922; 22,41
3,934; 21,75
3,946; 21,67
3,958; 21,99
3,97; 24,04
3,982; 23,77
3,994; 24,53
4,006; 25,15
4,018; 25,26
4,03; 25,76
4,042; 25,46
4,054; 25,92
4,066; 25,93
4,078; 26,19
4,09; 26,02
4,102; 26,55
4,114; 28,61
4,126; 29,68
4,138; 29,95
4,15; 31,6
4,162; 29,19
4,174; 29,14
4,186; 28,75
4,198; 29,77
4,21; 30,47
4,222; 30,2
4,234; 31,93
4,246; 32,71
4,258; 32,77
4,27; 33,51
4,282; 32,16
4,294; 30,34
4,306; 31,91
4,318; 35,69
4,33; 36,24
4,342; 36,75
4,354; 36,3
4,366; 35,15
4,378; 33,62
4,39; 31,16
4,402; 33,22
4,414; 37,27
4,426; 37,13
4,438; 35,81
4,45; 36,97
4,462; 36,68
4,474; 37,81
4,486; 39,55
4,498; 39,71
4,51; 39,43
4,522; 40,39
4,534; 40,4
4,546; 38,19
4,559; 35,82
4,571; 35,54
4,583; 35,3
4,595; 35,55
4,607; 36,11
4,619; 35,14
4,631; 37,3
4,643; 37,72
4,655; 38,89
4,667; 38,91
4,679; 39,42
4,691; 39,53
4,703; 38,75
4,715; 39,56
4,727; 38,6
4,739; 39,25
4,751; 39,26
4,763; 40
4,775; 40,62
4,787; 40,36
4,799; 41,7
4,811; 42,36
4,823; 43,47
4,835; 42,07
4,847; 44,32
4,859; 44,64
4,871; 44,95
4,883; 45,01
4,895; 44,15
4,907; 45,57
4,919; 43,59
4,931; 42,71
4,943; 44,91
4,955; 45,79
4,967; 46,09
4,979; 39,21
4,991; 38,6
5,003; 38,06
5,015; 39,52
5,027; 40,64
5,039; 40,45
5,051; 41,31
5,063; 41,31
5,075; 42,37
5,087; 42,46
5,099; 44,11
5,111; 48,15
5,123; 49,55
5,135; 48,31
5,147; 47,2
5,159; 49,96
5,171; 50,02
5,183; 50,02
5,195; 50,02
5,207; 50,02
5,219; 49,77
5,231; 50,02
5,243; 50,02
5,255; 50,02
5,267; 50,02
5,279; 50,02
5,291; 50,02
5,303; 50,02
5,315; 50,02
5,327; 50,02
5,339; 50,02
5,351; 50,02
5,363; 50,02
5,375; 50,02
5,387; 50,02
5,399; 50,02
5,411; 50,02
5,423; 50,02
5,435; 50,02
5,447; 50,02
5,459; 50,02
5,471; 50,02
5,483; 50,02
5,495; 50,02
5,507; 50,02
5,519; 50,02
5,531; 50,02
5,543; 50,02
5,555; 50,02
5,568; 50,02
5,58; 50,02
5,592; 50,02
5,604; 50,02
5,616; 50,02
5,628; 50,02
5,64; 50,02
5,652; 50,02
5,664; 50,02
5,676; 50,02
5,688; 50,02
5,7; 50,02
5,712; 50,02
5,724; 50,02
5,736; 50,02
5,748; 50,02
5,76; 50,02
5,772; 50,02
5,784; 50,02
5,796; 50,02
5,808; 50,02
5,82; 50,02
5,832; 50,02
5,844; 50,02
5,856; 50,02
5,868; 50,02
5,88; 50,02
5,892; 50,02
5,904; 50,02
5,916; 50,02
5,928; 50,02
5,94; 50,02
5,952; 50,02
5,964; 50,02
5,976; 50,02
5,988; 50,02
6; 50,02
